milliseconds
      20
   12623
    8273
    8006
   14204
    2695
    4789
    3036
    8429
    3465
    2055
     123
      16
      74
     101
       9
      90
      37
      62
     111
      50
     278
     745
    1764
     797
     399
     195
     122
     105
     324
     304
     532
     443
     189
      85
      90
       9
      88
      37
      60
     102
     129
     138
      84
     112
     116
     228
     314
     797
     817
     378
     182
     202
     132
      62
       3
      32
      56
      37
      62
      14
      31
      55
       7
      34
      57
      17
      30
      56
       6
      33
      60
      30
      71
     133
       8
      61
      27
      71
     122
     457
     307
      89
      16
      55
      46
      63
      33
      85
     153
     204
     179
    2588
     454
     653
    3358
     251
     107
     106
     161
     101
      46
     183
   19602
    2848
   33441
